*************************************************
******************* ORCA 6.0.1 ******************
*************************************************
$Calculation_Status
   &GeometryIndex 0
   &ListStatus       OUT
   &VERSION [&Type "String"] "6.0.1"
   &PROGNAME [&Type "String"] "LeanSCF"
   &STATUS [&Type "String"] "NORMAL TERMINATION"
$End
$Mulliken_Population_Analysis
   &GeometryIndex 0
   &ListStatus       OUT
   &NATOMS [&Type "Integer"] 24
   &ATNO [&Type "ArrayOfIntegers", &Dim (24,1)] 
                                                         0

0                                                        6
1                                                        1
2                                                        1
3                                                        6
4                                                        6
5                                                        8
6                                                        8
7                                                        8
8                                                        6
9                                                        1
10                                                       6
11                                                       1
12                                                       6
13                                                       6
14                                                       1
15                                                       6
16                                                       1
17                                                       6
18                                                       1
19                                                       8
20                                                       1
21                                                       6
22                                                       8
23                                                       8
   &ATOMICCHARGES [&Type "ArrayOfDoubles", &Dim (24,1)] 
                                                         0

0                                      2.2431692201519393e-01
1                                      1.0360695997780889e-02
2                                     -3.2115599043172072e-03
3                                     -2.4794925481473662e-02
4                                      1.1643153837945341e-01
5                                     -4.9873352795330206e-01
6                                     -4.6403516131649702e-01
7                                     -2.7034248050741994e-01
8                                     -7.7175653147581791e-02
9                                      2.6965614306983410e-02
10                                     3.4611301201521449e-02
11                                    -8.1897722807093842e-03
12                                    -2.3332645131143348e-01
13                                    -1.0639710017823489e-02
14                                    -1.5615091369093781e-02
15                                    -9.2852865534183593e-02
16                                    -2.2899585604866157e-02
17                                     3.2678594057835753e-01
18                                    -1.4631739903573804e-02
19                                    -3.8332657213745414e-01
20                                     1.9774659297280039e-01
21                                     1.1855580542541055e-01
22                                    -5.0696163069223665e-01
23                                    -4.2903768371550832e-01
$End
$Loewdin_Population_Analysis
   &GeometryIndex 0
   &ListStatus       OUT
   &NATOMS [&Type "Integer"] 24
   &ATNO [&Type "ArrayOfIntegers", &Dim (24,1)] 
                                                         0

0                                                        6
1                                                        1
2                                                        1
3                                                        6
4                                                        6
5                                                        8
6                                                        8
7                                                        8
8                                                        6
9                                                        1
10                                                       6
11                                                       1
12                                                       6
13                                                       6
14                                                       1
15                                                       6
16                                                       1
17                                                       6
18                                                       1
19                                                       8
20                                                       1
21                                                       6
22                                                       8
23                                                       8
   &ATOMICCHARGES [&Type "ArrayOfDoubles", &Dim (24,1)] 
                                                         0

0                                     -3.0555112134348583e-02
1                                      3.4891254198238575e-02
2                                      2.3516273482835137e-02
3                                      4.8082210807853798e-02
4                                     -5.4843757426694673e-02
5                                     -4.4073407027146239e-01
6                                     -4.0621084307935007e-01
7                                     -1.8369981430946858e-01
8                                     -3.9751656695184323e-02
9                                      3.7930591079526566e-02
10                                    -9.1891213581130060e-03
11                                     2.5504399080510942e-02
12                                    -7.8331269744256637e-02
13                                    -2.7967713887347756e-02
14                                     1.7047049323990482e-02
15                                    -5.6917718089406932e-02
16                                     1.8024177911817318e-02
17                                     5.3738775869550004e-02
18                                     7.6283787287237947e-03
19                                    -1.7986710957344165e-01
20                                     9.3696230311874240e-02
21                                    -4.0614944563426292e-03
22                                    -4.4925588179490461e-01
23                                    -3.9867377797457593e-01
$End
$Mayer_Population_Analysis
   &GeometryIndex 0
   &ListStatus       OUT
   &NATOMS [&Type "Integer"] 24 "Total number of atoms"
   &BONDTHRESH [&Type "Double"]       1.0000000000000001e-01  "The threshold for printing"
   &NBONDORDERSPRINT [&Type "Integer"] 25 "The number of bond orders larger than threshold"
   &BONDORDERS [&Type "ArrayOfDoubles", &Dim (25,1)] "The bond orders"
                                                         0

0                                      8.7772861028779503e-01
1                                      9.2555847176728967e-01
2                                      1.0038930905726962e+00
3                                      9.6555876325357914e-01
4                                      8.2946478049487282e-01
5                                      2.0338176481328727e+00
6                                      1.7959676776205089e+00
7                                      1.7943715277521384e+00
8                                      1.1947826025651209e-01
9                                      9.6740083466273885e-01
10                                     1.8718814550099974e+00
11                                     9.8469628213030669e-01
12                                     9.7266277434248172e-01
13                                     9.8439542838786553e-01
14                                     9.4306532743092530e-01
15                                     8.1055773513419560e-01
16                                     9.6959297447167514e-01
17                                     1.8648031127508793e+00
18                                     9.7031180850777432e-01
19                                     9.8548693852743474e-01
20                                     8.5371690926036536e-01
21                                     9.9079743816699239e-01
22                                     9.6279395609663532e-01
23                                     1.7843170395471821e+00
24                                     1.9300799309670027e+00
   &COMPONENTS [&Type "ArrayOfIntegers", &Dim (25,4)] "The indices and atomic numbers of the bonding atoms"
                                                         0                           1                           2                           3

0                                                        0                           6                           1                           1
1                                                        0                           6                           2                           1
2                                                        0                           6                           3                           6
3                                                        0                           6                          12                           6
4                                                        3                           6                           4                           6
5                                                        3                           6                           7                           8
6                                                        4                           6                           5                           8
7                                                        4                           6                           6                           8
8                                                        5                           8                           6                           8
9                                                        8                           6                           9                           1
10                                                       8                           6                          10                           6
11                                                       8                           6                          17                           6
12                                                      10                           6                          11                           1
13                                                      10                           6                          12                           6
14                                                      12                           6                          13                           6
15                                                      12                           6                          21                           6
16                                                      13                           6                          14                           1
17                                                      13                           6                          15                           6
18                                                      15                           6                          16                           1
19                                                      15                           6                          17                           6
20                                                      17                           6                          18                           1
21                                                      17                           6                          19                           8
22                                                      19                           8                          20                           1
23                                                      21                           6                          22                           8
24                                                      21                           6                          23                           8
   &ATNO [&Type "ArrayOfIntegers", &Dim (24,1)] "Atomic number of the elements"
                                                         0

0                                                        6
1                                                        1
2                                                        1
3                                                        6
4                                                        6
5                                                        8
6                                                        8
7                                                        8
8                                                        6
9                                                        1
10                                                       6
11                                                       1
12                                                       6
13                                                       6
14                                                       1
15                                                       6
16                                                       1
17                                                       6
18                                                       1
19                                                       8
20                                                       1
21                                                       6
22                                                       8
23                                                       8
   &NA [&Type "ArrayOfDoubles", &Dim (24,1)] "Mulliken gross atomic population"
                                                         0

0                                      5.7756830779848123e+00
1                                      9.8963930400221967e-01
2                                      1.0032115599043177e+00
3                                      6.0247949254814728e+00
4                                      5.8835684616205484e+00
5                                      8.4987335279532950e+00
6                                      8.4640351613164988e+00
7                                      8.2703424805074235e+00
8                                      6.0771756531475809e+00
9                                      9.7303438569301681e-01
10                                     5.9653886987984786e+00
11                                     1.0081897722807096e+00
12                                     6.2333264513114326e+00
13                                     6.0106397100178279e+00
14                                     1.0156150913690942e+00
15                                     6.0928528655341836e+00
16                                     1.0228995856048664e+00
17                                     5.6732140594216434e+00
18                                     1.0146317399035736e+00
19                                     8.3833265721374577e+00
20                                     8.0225340702719949e-01
21                                     5.8814441945745903e+00
22                                     8.5069616306922349e+00
23                                     8.4290376837155101e+00
   &ZA [&Type "ArrayOfDoubles", &Dim (24,1)] "Total nuclear charge"
                                                         0

0                                      6.0000000000000000e+00
1                                      1.0000000000000000e+00
2                                      1.0000000000000000e+00
3                                      6.0000000000000000e+00
4                                      6.0000000000000000e+00
5                                      8.0000000000000000e+00
6                                      8.0000000000000000e+00
7                                      8.0000000000000000e+00
8                                      6.0000000000000000e+00
9                                      1.0000000000000000e+00
10                                     6.0000000000000000e+00
11                                     1.0000000000000000e+00
12                                     6.0000000000000000e+00
13                                     6.0000000000000000e+00
14                                     1.0000000000000000e+00
15                                     6.0000000000000000e+00
16                                     1.0000000000000000e+00
17                                     6.0000000000000000e+00
18                                     1.0000000000000000e+00
19                                     8.0000000000000000e+00
20                                     1.0000000000000000e+00
21                                     6.0000000000000000e+00
22                                     8.0000000000000000e+00
23                                     8.0000000000000000e+00
   &QA [&Type "ArrayOfDoubles", &Dim (24,1)] "Mulliken gross atomic charge"
                                                         0

0                                      2.2431692201518771e-01
1                                      1.0360695997780334e-02
2                                     -3.2115599043176513e-03
3                                     -2.4794925481472774e-02
4                                      1.1643153837945164e-01
5                                     -4.9873352795329495e-01
6                                     -4.6403516131649880e-01
7                                     -2.7034248050742349e-01
8                                     -7.7175653147580903e-02
9                                      2.6965614306983188e-02
10                                     3.4611301201521449e-02
11                                    -8.1897722807096063e-03
12                                    -2.3332645131143259e-01
13                                    -1.0639710017827930e-02
14                                    -1.5615091369094225e-02
15                                    -9.2852865534183593e-02
16                                    -2.2899585604866379e-02
17                                     3.2678594057835664e-01
18                                    -1.4631739903573582e-02
19                                    -3.8332657213745769e-01
20                                     1.9774659297280051e-01
21                                     1.1855580542540967e-01
22                                    -5.0696163069223488e-01
23                                    -4.2903768371551010e-01
   &VA [&Type "ArrayOfDoubles", &Dim (24,1)] "Mayer's total valence"
                                                         0

0                                      3.7722630650863498e+00
1                                      1.0424651520519439e+00
2                                      1.0192854481448237e+00
3                                      4.0096256801924959e+00
4                                      4.4386407215518116e+00
5                                      1.9835653310452606e+00
6                                      2.0164320176344952e+00
7                                      2.1866053567652295e+00
8                                      3.9864180183916882e+00
9                                      9.9504325697799523e-01
10                                     3.9537949617214840e+00
11                                     1.0140181377783783e+00
12                                     3.6669654516710035e+00
13                                     3.8652498750425370e+00
14                                     1.0177751410939770e+00
15                                     3.9034716261807532e+00
16                                     9.9392038984684961e-01
17                                     3.8112625834930967e+00
18                                     1.0582928391333550e+00
19                                     2.0294622816342387e+00
20                                     1.0002655978869348e+00
21                                     4.5581877209895163e+00
22                                     1.9642027110507438e+00
23                                     2.0797616297349073e+00
   &BVA [&Type "ArrayOfDoubles", &Dim (24,1)] "Mayer's bonded valence"
                                                         0

0                                      3.7722630650863027e+00
1                                      1.0424651520519428e+00
2                                      1.0192854481448281e+00
3                                      4.0096256801924941e+00
4                                      4.4386407215518489e+00
5                                      1.9835653310452770e+00
6                                      2.0164320176345196e+00
7                                      2.1866053567653019e+00
8                                      3.9864180183916327e+00
9                                      9.9504325697799167e-01
10                                     3.9537949617215116e+00
11                                     1.0140181377783815e+00
12                                     3.6669654516709760e+00
13                                     3.8652498750425917e+00
14                                     1.0177751410939813e+00
15                                     3.9034716261807372e+00
16                                     9.9392038984683906e-01
17                                     3.8112625834930611e+00
18                                     1.0582928391333268e+00
19                                     2.0294622816342116e+00
20                                     1.0002655978869417e+00
21                                     4.5581877209895492e+00
22                                     1.9642027110506852e+00
23                                     2.0797616297348949e+00
   &FA [&Type "ArrayOfDoubles", &Dim (24,1)] "Mayer's free valence"
                                                         0

0                                      0.0000000000000000e+00
1                                      0.0000000000000000e+00
2                                      0.0000000000000000e+00
3                                      0.0000000000000000e+00
4                                      0.0000000000000000e+00
5                                      0.0000000000000000e+00
6                                      0.0000000000000000e+00
7                                      0.0000000000000000e+00
8                                      0.0000000000000000e+00
9                                      0.0000000000000000e+00
10                                     0.0000000000000000e+00
11                                     0.0000000000000000e+00
12                                     0.0000000000000000e+00
13                                     0.0000000000000000e+00
14                                     0.0000000000000000e+00
15                                     0.0000000000000000e+00
16                                     0.0000000000000000e+00
17                                     0.0000000000000000e+00
18                                     0.0000000000000000e+00
19                                     0.0000000000000000e+00
20                                     0.0000000000000000e+00
21                                     0.0000000000000000e+00
22                                     0.0000000000000000e+00
23                                     0.0000000000000000e+00
$End
$SCF_Dipole_Moment
   &GeometryIndex 0
   &ListStatus       OUT
   &Method [&Type "String"] "SCF"
   &Level [&Type "String"] "Relaxed density"
   &Mult [&Type "Integer"] 1
   &State [&Type "Integer"] -1
   &Irrep [&Type "Integer"] 0
   &NAtoms [&Type "Integer"] 24
   &doDipoleAtom [&Type "Boolean"] false
   &dipoleElecContrib [&Type "ArrayOfDoubles", &Dim (3,1)] "Electronic contribution"
                                                         0

0                                      1.0752177818383055e+00
1                                      9.5011255950690621e-01
2                                      2.1783461156227628e+00
   &dipoleNucContrib [&Type "ArrayOfDoubles", &Dim (3,1)] "Nuclear contribution"
                                                         0

0                                     -3.9146564707026528e+00
1                                     -3.2486100488165874e+00
2                                     -2.0889313637894844e+00
   &dipoleTotal [&Type "ArrayOfDoubles", &Dim (3,1)] "Total"
                                                         0

0                                     -2.8394386888643472e+00
1                                     -2.2984974893096810e+00
2                                      8.9414751833278405e-02
   &dipoleMagnitude [&Type "Double", &Units "a.u."]       3.6542438033097899e+00
$End
