*************************************************
******************* ORCA 6.0.1 ******************
*************************************************
$Calculation_Status
   &GeometryIndex 0
   &ListStatus       OUT
   &VERSION [&Type "String"] "6.0.1"
   &PROGNAME [&Type "String"] "LeanSCF"
   &STATUS [&Type "String"] "NORMAL TERMINATION"
$End
$Mulliken_Population_Analysis
   &GeometryIndex 0
   &ListStatus       OUT
   &NATOMS [&Type "Integer"] 24
   &ATNO [&Type "ArrayOfIntegers", &Dim (24,1)] 
                                                         0

0                                                        6
1                                                        1
2                                                        1
3                                                        6
4                                                        6
5                                                        8
6                                                        8
7                                                        8
8                                                        6
9                                                        1
10                                                       6
11                                                       1
12                                                       6
13                                                       6
14                                                       1
15                                                       6
16                                                       1
17                                                       6
18                                                       1
19                                                       8
20                                                       1
21                                                       6
22                                                       8
23                                                       8
   &ATOMICCHARGES [&Type "ArrayOfDoubles", &Dim (24,1)] 
                                                         0

0                                      3.7010537180828251e-02
1                                      1.8231084060540192e-02
2                                     -7.3554270650619813e-03
3                                     -2.2070799981081635e-02
4                                      3.8143187314123139e-02
5                                     -4.4441312465792215e-01
6                                     -4.5023505835368383e-01
7                                     -3.8096562161761227e-01
8                                      1.9890058485042506e-01
9                                      1.5749292322366104e-02
10                                    -6.8865180154974226e-02
11                                    -1.3985618578357784e-02
12                                    -2.9816731290924103e-02
13                                     3.1208319163418707e-02
14                                    -3.4833291175456083e-02
15                                    -6.3097124264359650e-02
16                                    -2.2735881712793837e-02
17                                     2.6908747186010640e-01
18                                    -2.2541243804255151e-02
19                                    -3.7635718751315039e-01
20                                     1.9929708768370058e-01
21                                     4.2262516244827353e-02
22                                    -4.6836471288063919e-01
23                                    -4.4425307763008881e-01
$End
$Loewdin_Population_Analysis
   &GeometryIndex 0
   &ListStatus       OUT
   &NATOMS [&Type "Integer"] 24
   &ATNO [&Type "ArrayOfIntegers", &Dim (24,1)] 
                                                         0

0                                                        6
1                                                        1
2                                                        1
3                                                        6
4                                                        6
5                                                        8
6                                                        8
7                                                        8
8                                                        6
9                                                        1
10                                                       6
11                                                       1
12                                                       6
13                                                       6
14                                                       1
15                                                       6
16                                                       1
17                                                       6
18                                                       1
19                                                       8
20                                                       1
21                                                       6
22                                                       8
23                                                       8
   &ATOMICCHARGES [&Type "ArrayOfDoubles", &Dim (24,1)] 
                                                         0

0                                     -5.4201909030910933e-02
1                                      2.6783956121412267e-02
2                                      2.1259691473842213e-02
3                                     -2.4748452328104520e-02
4                                     -1.0128220697083190e-01
5                                     -4.2180753208784161e-01
6                                     -4.0453185091329757e-01
7                                     -1.5408430487316593e-01
8                                      9.2316057677259700e-02
9                                      2.8954095709691763e-02
10                                     1.2734156739684366e-02
11                                     1.8901885205528268e-02
12                                    -8.8954343255100099e-02
13                                     1.3206014824902468e-03
14                                     2.2922088117877215e-02
15                                    -5.5768922764015016e-02
16                                     1.6682256981465859e-02
17                                     5.8464932754237253e-02
18                                     5.2724606837802890e-03
19                                    -1.7990688527488530e-01
20                                     9.4764098062091850e-02
21                                    -5.6055462141190837e-02
22                                    -4.4784572333245976e-01
23                                    -4.1118868803757458e-01
$End
$Mayer_Population_Analysis
   &GeometryIndex 0
   &ListStatus       OUT
   &NATOMS [&Type "Integer"] 24 "Total number of atoms"
   &BONDTHRESH [&Type "Double"]       1.0000000000000001e-01  "The threshold for printing"
   &NBONDORDERSPRINT [&Type "Integer"] 24 "The number of bond orders larger than threshold"
   &BONDORDERS [&Type "ArrayOfDoubles", &Dim (24,1)] "The bond orders"
                                                         0

0                                      9.2431515942547304e-01
1                                      9.2319363272278221e-01
2                                      1.9324775051014969e+00
3                                      8.5092375510733897e-01
4                                      1.0485922120406048e+00
5                                      1.8995718003981716e+00
6                                      1.8517792042759069e+00
7                                      8.8954596569773337e-01
8                                      9.2127194153988368e-01
9                                      9.5628042451835560e-01
10                                     9.5711191971384002e-01
11                                     9.6228591141655961e-01
12                                     1.7192267797637657e+00
13                                     1.1338642142894553e+00
14                                     8.6485077030159863e-01
15                                     9.6658871073014307e-01
16                                     1.7591691573334172e+00
17                                     9.5735667563169746e-01
18                                     9.8208375064160547e-01
19                                     9.0415131489722245e-01
20                                     1.0457232985909666e+00
21                                     9.4860076860058107e-01
22                                     1.8940304988552894e+00
23                                     1.8888364463743570e+00
   &COMPONENTS [&Type "ArrayOfIntegers", &Dim (24,4)] "The indices and atomic numbers of the bonding atoms"
                                                         0                           1                           2                           3

0                                                        0                           6                           1                           1
1                                                        0                           6                           2                           1
2                                                        0                           6                           3                           6
3                                                        3                           6                           4                           6
4                                                        3                           6                           7                           8
5                                                        4                           6                           5                           8
6                                                        4                           6                           6                           8
7                                                        7                           8                           8                           6
8                                                        8                           6                           9                           1
9                                                        8                           6                          10                           6
10                                                       8                           6                          17                           6
11                                                      10                           6                          11                           1
12                                                      10                           6                          12                           6
13                                                      12                           6                          13                           6
14                                                      12                           6                          21                           6
15                                                      13                           6                          14                           1
16                                                      13                           6                          15                           6
17                                                      15                           6                          16                           1
18                                                      15                           6                          17                           6
19                                                      17                           6                          18                           1
20                                                      17                           6                          19                           8
21                                                      19                           8                          20                           1
22                                                      21                           6                          22                           8
23                                                      21                           6                          23                           8
   &ATNO [&Type "ArrayOfIntegers", &Dim (24,1)] "Atomic number of the elements"
                                                         0

0                                                        6
1                                                        1
2                                                        1
3                                                        6
4                                                        6
5                                                        8
6                                                        8
7                                                        8
8                                                        6
9                                                        1
10                                                       6
11                                                       1
12                                                       6
13                                                       6
14                                                       1
15                                                       6
16                                                       1
17                                                       6
18                                                       1
19                                                       8
20                                                       1
21                                                       6
22                                                       8
23                                                       8
   &NA [&Type "ArrayOfDoubles", &Dim (24,1)] "Mulliken gross atomic population"
                                                         0

0                                      5.9629894628191717e+00
1                                      9.8176891593945892e-01
2                                      1.0073554270650622e+00
3                                      6.0220707999810807e+00
4                                      5.9618568126858777e+00
5                                      8.4444131246579257e+00
6                                      8.4502350583536838e+00
7                                      8.3809656216176123e+00
8                                      5.8010994151495749e+00
9                                      9.8425070767763378e-01
10                                     6.0688651801549760e+00
11                                     1.0139856185783569e+00
12                                     6.0298167312909268e+00
13                                     5.9687916808365822e+00
14                                     1.0348332911754559e+00
15                                     6.0630971242643614e+00
16                                     1.0227358817127938e+00
17                                     5.7309125281398936e+00
18                                     1.0225412438042549e+00
19                                     8.3763571875131504e+00
20                                     8.0070291231629964e-01
21                                     5.9577374837551718e+00
22                                     8.4683647128806356e+00
23                                     8.4442530776300941e+00
   &ZA [&Type "ArrayOfDoubles", &Dim (24,1)] "Total nuclear charge"
                                                         0

0                                      6.0000000000000000e+00
1                                      1.0000000000000000e+00
2                                      1.0000000000000000e+00
3                                      6.0000000000000000e+00
4                                      6.0000000000000000e+00
5                                      8.0000000000000000e+00
6                                      8.0000000000000000e+00
7                                      8.0000000000000000e+00
8                                      6.0000000000000000e+00
9                                      1.0000000000000000e+00
10                                     6.0000000000000000e+00
11                                     1.0000000000000000e+00
12                                     6.0000000000000000e+00
13                                     6.0000000000000000e+00
14                                     1.0000000000000000e+00
15                                     6.0000000000000000e+00
16                                     1.0000000000000000e+00
17                                     6.0000000000000000e+00
18                                     1.0000000000000000e+00
19                                     8.0000000000000000e+00
20                                     1.0000000000000000e+00
21                                     6.0000000000000000e+00
22                                     8.0000000000000000e+00
23                                     8.0000000000000000e+00
   &QA [&Type "ArrayOfDoubles", &Dim (24,1)] "Mulliken gross atomic charge"
                                                         0

0                                      3.7010537180828251e-02
1                                      1.8231084060541081e-02
2                                     -7.3554270650622033e-03
3                                     -2.2070799981080746e-02
4                                      3.8143187314122251e-02
5                                     -4.4441312465792571e-01
6                                     -4.5023505835368383e-01
7                                     -3.8096562161761227e-01
8                                      1.9890058485042506e-01
9                                      1.5749292322366215e-02
10                                    -6.8865180154976002e-02
11                                    -1.3985618578356895e-02
12                                    -2.9816731290926768e-02
13                                     3.1208319163417819e-02
14                                    -3.4833291175455861e-02
15                                    -6.3097124264361426e-02
16                                    -2.2735881712793837e-02
17                                     2.6908747186010640e-01
18                                    -2.2541243804254929e-02
19                                    -3.7635718751315039e-01
20                                     1.9929708768370036e-01
21                                     4.2262516244828241e-02
22                                    -4.6836471288063564e-01
23                                    -4.4425307763009414e-01
   &VA [&Type "ArrayOfDoubles", &Dim (24,1)] "Mayer's total valence"
                                                         0

0                                      3.8947594611774594e+00
1                                      9.9744385516071554e-01
2                                      1.0133711280349278e+00
3                                      3.9150290919341257e+00
4                                      4.6337929673283496e+00
5                                      2.0224770181900191e+00
6                                      1.9947332235957442e+00
7                                      2.0829159588668751e+00
8                                      3.8247571574673360e+00
9                                      9.9357252832563214e-01
10                                     3.8597535922328223e+00
11                                     1.0251336133995164e+00
12                                     3.6754113279035971e+00
13                                     3.9419208269649082e+00
14                                     1.0276943163025327e+00
15                                     3.8517587724163982e+00
16                                     9.8673674514477072e-01
17                                     3.9383239188850658e+00
18                                     1.0288873214505077e+00
19                                     2.0302361135176299e+00
20                                     9.9983562362827338e-01
21                                     4.6423942138990588e+00
22                                     1.9996647217161518e+00
23                                     2.0120150091163116e+00
   &BVA [&Type "ArrayOfDoubles", &Dim (24,1)] "Mayer's bonded valence"
                                                         0

0                                      3.8947594611774687e+00
1                                      9.9744385516072143e-01
2                                      1.0133711280349291e+00
3                                      3.9150290919341391e+00
4                                      4.6337929673283504e+00
5                                      2.0224770181899654e+00
6                                      1.9947332235957003e+00
7                                      2.0829159588668684e+00
8                                      3.8247571574673089e+00
9                                      9.9357252832563836e-01
10                                     3.8597535922327855e+00
11                                     1.0251336133995188e+00
12                                     3.6754113279036407e+00
13                                     3.9419208269648860e+00
14                                     1.0276943163025232e+00
15                                     3.8517587724164288e+00
16                                     9.8673674514478515e-01
17                                     3.9383239188851222e+00
18                                     1.0288873214505094e+00
19                                     2.0302361135176561e+00
20                                     9.9983562362827605e-01
21                                     4.6423942138990872e+00
22                                     1.9996647217161581e+00
23                                     2.0120150091162952e+00
   &FA [&Type "ArrayOfDoubles", &Dim (24,1)] "Mayer's free valence"
                                                         0

0                                      0.0000000000000000e+00
1                                      0.0000000000000000e+00
2                                      0.0000000000000000e+00
3                                      0.0000000000000000e+00
4                                      0.0000000000000000e+00
5                                      0.0000000000000000e+00
6                                      0.0000000000000000e+00
7                                      0.0000000000000000e+00
8                                      0.0000000000000000e+00
9                                      0.0000000000000000e+00
10                                     0.0000000000000000e+00
11                                     0.0000000000000000e+00
12                                     0.0000000000000000e+00
13                                     0.0000000000000000e+00
14                                     0.0000000000000000e+00
15                                     0.0000000000000000e+00
16                                     0.0000000000000000e+00
17                                     0.0000000000000000e+00
18                                     0.0000000000000000e+00
19                                     0.0000000000000000e+00
20                                     0.0000000000000000e+00
21                                     0.0000000000000000e+00
22                                     0.0000000000000000e+00
23                                     0.0000000000000000e+00
$End
$SCF_Dipole_Moment
   &GeometryIndex 0
   &ListStatus       OUT
   &Method [&Type "String"] "SCF"
   &Level [&Type "String"] "Relaxed density"
   &Mult [&Type "Integer"] 1
   &State [&Type "Integer"] -1
   &Irrep [&Type "Integer"] 0
   &NAtoms [&Type "Integer"] 24
   &doDipoleAtom [&Type "Boolean"] false
   &dipoleElecContrib [&Type "ArrayOfDoubles", &Dim (3,1)] "Electronic contribution"
                                                         0

0                                      3.6827792233965412e-01
1                                     -8.5606140780197681e-01
2                                      6.4460327085938773e-01
   &dipoleNucContrib [&Type "ArrayOfDoubles", &Dim (3,1)] "Nuclear contribution"
                                                         0

0                                     -3.4146992461121499e+00
1                                     -1.5283575704881542e+00
2                                     -3.1107393500543878e-01
   &dipoleTotal [&Type "ArrayOfDoubles", &Dim (3,1)] "Total"
                                                         0

0                                     -3.0464213237724960e+00
1                                     -2.3844189782901308e+00
2                                      3.3352933585394895e-01
   &dipoleMagnitude [&Type "Double", &Units "a.u."]       3.8829600260421295e+00
$End
